3
4 4
6	-2	5	2
3	7	1	-3
-8	4	3	2
0	4	5	-7
4 4
1	-2	-8	1
-3	4	-2	6
2	-1	3	5
6	1	-1	-4 
4 4
34	-23	-31	11
-34	18	-32	62
-2	31	63	23
-44	4	14	77 